DEFAULT_CACHE_JSON = [[{"BaubleChroma":{"Source":"harvester:ryansapsaa","Scale":[0.047098588198423386,0.04709858447313309,0.047098588198423386],"HandOffset":[0,0,0],"SpecialMesh":{"Offset":[0,0,0],"VertexColor":[1,1,1],"Scale":[0.047098588198423386,0.04709858447313309,0.047098588198423386],"MeshId":"rbxassetid://107813118898769","TextureId":"rbxassetid://137012201908941"},"ChromaStaticLayer":"rbxassetid://129391884956433","VertexColor":[1,1,1],"DisplayAttachmentName":"CustomAttachment","DisplayScale":[0.047098588198423386,0.04709858447313309,0.047098588198423386],"DisplayTree":{"Name":"GunDisplay","ClassName":"Part","Properties":[],"Children":[{"Name":"Mesh","ClassName":"SpecialMesh","Properties":{"Offset":{"__t":"Vector3","X":0,"Y":0,"Z":0},"Scale":{"__t":"Vector3","X":0.047098588198423386,"Y":0.04709858447313309,"Z":0.047098588198423386},"MeshId":"rbxassetid://107813118898769","TextureContent":{"__t":"Content","U":"rbxassetid://137012201908941"},"TextureId":"rbxassetid://137012201908941","SourceAssetId":-1,"VertexColor":{"__t":"Vector3","X":1,"Y":1,"Z":1},"MeshType":{"__t":"Enum","E":"MeshType","N":"FileMesh"},"className":"SpecialMesh","RobloxLocked":false,"Sandboxed":false,"MeshContent":{"__t":"Content","U":"rbxassetid://107813118898769"},"Archivable":true},"Children":[],"Attributes":[]},{"Name":"Chroma","ClassName":"Decal","Properties":{"TexturePack":"","RoughnessMapContent":{"__t":"Content"},"NormalMapContent":{"__t":"Content"},"Face":{"__t":"Enum","E":"NormalId","N":"Left"},"TextureContent":{"__t":"Content","U":"rbxassetid://129391884956433"},"MetalnessMapContent":{"__t":"Content"},"ColorMap":"rbxassetid://129391884956433","ZIndex":1,"Specular":0,"Texture":"rbxassetid://129391884956433","ColorMapContent":{"__t":"Content","U":"rbxassetid://129391884956433"},"NormalMap":"","LocalTransparencyModifier":0,"RoughnessMap":"","Shiny":20,"Sandboxed":false,"UVOffset":{"__t":"Vector2","X":0,"Y":0},"UVScale":{"__t":"Vector2","X":1,"Y":1},"Rotation":0,"Transparency":0,"Color3":{"__t":"Color3","B":1,"G":0,"R":0.7069582939147949},"className":"Decal","RobloxLocked":false,"SourceAssetId":-1,"Archivable":true,"MetalnessMap":""},"Children":[],"Attributes":{"StaticLayer":"rbxassetid://129391884956433"}},{"Name":"CustomAttachment","ClassName":"Attachment","Properties":{"Visible":false,"WorldOrientation":{"__t":"Vector3","X":19.998666763305664,"Y":134.84390258789062,"Z":-180},"CFrame":{"__t":"CFrame","C":[0,-0.2386360466480255,0.10727716237306595,1,0,0,0,0.6427633166313171,0.7660649418830872,0,-0.7660649418830872,0.6427633166313171]},"Axis":{"__t":"Vector3","X":1,"Y":0,"Z":0},"SecondaryAxis":{"__t":"Vector3","X":0,"Y":0.6427633166313171,"Z":-0.7660649418830872},"WorldCFrame":{"__t":"CFrame","C":[32.51351547241211,503.67755126953125,-24.548351287841797,0.7051776647567749,-0.24248726665973663,0.6662766337394714,-1.4618611210437393e-08,-0.9397008419036865,-0.34199827909469604,0.7090306282043457,0.24116957187652588,-0.6626560688018799]},"WorldRotation":{"__t":"Vector3","X":152.70162963867188,"Y":41.78034210205078,"Z":18.976396560668945},"Sandboxed":false,"SourceAssetId":-1,"WorldPosition":{"__t":"Vector3","X":32.51351547241211,"Y":503.67755126953125,"Z":-24.548351287841797},"Rotation":{"__t":"Vector3","X":-50.0018196105957,"Y":0,"Z":0},"className":"Attachment","Orientation":{"__t":"Vector3","X":-50.001827239990234,"Y":0,"Z":0},"WorldAxis":{"__t":"Vector3","X":0.7051776647567749,"Y":-1.4618611210437393e-08,"Z":0.7090306282043457},"RobloxLocked":false,"Position":{"__t":"Vector3","X":0,"Y":-0.2386360466480255,"Z":0.10727716237306595},"WorldSecondaryAxis":{"__t":"Vector3","X":-0.24248726665973663,"Y":-0.9397008419036865,"Z":0.24116957187652588},"Archivable":true},"Children":[],"Attributes":[]},{"Name":"RigidConstraint","ClassName":"RigidConstraint","Properties":{"Enabled":true,"Active":true,"Color":{"__t":"BrickColor","N":"Medium stone grey"},"SourceAssetId":-1,"Visible":false,"className":"RigidConstraint","RobloxLocked":false,"Sandboxed":false,"Archivable":true,"Attachment1":{"__t":"Ref","P":"/3:CustomAttachment"}},"Children":[],"Attributes":[]}],"Attributes":[]},"Type":"Gun","MeshId":"rbxassetid://107813118898769","Chroma":true,"SnapshotVersion":6,"PartSize":[0.4841678738594055,1.3751088380813599,2.0851614475250244],"DisplayKind":"SpecialMesh","RigidConstraint":{"Enabled":true,"Attachment1":"CustomAttachment","Name":"RigidConstraint","Attachment0":"GunBelt"},"DisplayAttachment":{"Name":"CustomAttachment","CFrame":[0,-0.2386360466480255,0.10727716237306595,1,0,0,0,0.6427633166313171,0.7660649418830872,0,-0.7660649418830872,0.6427633166313171]},"DataID":"BaubleChroma","IsCustomMesh":true,"DisplayRootClass":"Part","Offset":[0,0,0],"HandVertexColor":[1,1,1],"Rarity":"Godly","DisplayTreeVersion":2,"HandScale":[0.047098588198423386,0.04709858447313309,0.047098588198423386],"HandTexture":"rbxassetid://137012201908941","HandMesh":"rbxassetid://107813118898769","TextureId":"rbxassetid://137012201908941","HandKind":"SpecialMesh","AttachmentCFrame":[0,-0.2386360466480255,0.10727716237306595,1,0,0,0,0.6427633166313171,0.7660649418830872,0,-0.7660649418830872,0.6427633166313171],"Name":"Bauble","Tier":"godly","HasHandData":true,"Kind":"SpecialMesh","ChromaMask":"rbxassetid://129391884956433","ItemID":84481559639371},"Blossom_G":{"DisplayKind":"MeshPart","RigidConstraint":{"Enabled":true,"Attachment1":"CustomAttachment","Name":"RigidConstraint","Attachment0":"GunBelt"},"Source":"harvester:ryansapsaa","IsCustomMesh":true,"Scale":[0.44416168332099915,0.9976138472557068,2.1882615089416504],"DisplayMeshPartSize":[0.44416168332099915,0.9976138472557068,2.1882615089416504],"DisplayAttachment":{"Name":"CustomAttachment","CFrame":[0,-0.20000000298023224,0.08990859985351562,1,0,0,0,0.6427633166313171,0.7660649418830872,0,-0.7660649418830872,0.6427633166313171]},"HandScale":[0.44416168332099915,0.9976138472557068,2.1882615089416504],"DataID":"Blossom_G","Tier":"godly","HandTexture":"rbxassetid://12322809917","DisplayRootClass":"MeshPart","HandMesh":"rbxassetid://12322809632","HandKind":"MeshPart","DisplayTree":{"Name":"GunDisplay","ClassName":"MeshPart","Properties":[],"Children":[{"Name":"CustomAttachment","ClassName":"Attachment","Properties":{"Visible":false,"WorldOrientation":{"__t":"Vector3","X":19.998666763305664,"Y":134.84390258789062,"Z":179.99998474121094},"CFrame":{"__t":"CFrame","C":[0,-0.20000000298023224,0.08990859985351562,1,0,0,0,0.6427633166313171,0.7660649418830872,0,-0.7660649418830872,0.6427633166313171]},"Axis":{"__t":"Vector3","X":1,"Y":0,"Z":0},"SecondaryAxis":{"__t":"Vector3","X":0,"Y":0.6427633166313171,"Z":-0.7660649418830872},"WorldCFrame":{"__t":"CFrame","C":[32.51351547241211,503.6839904785156,-24.548351287841797,0.7051776647567749,-0.24248726665973663,0.6662766337394714,2.993125036709898e-08,-0.9397008419036865,-0.34199827909469604,0.7090306282043457,0.24116958677768707,-0.6626560091972351]},"WorldRotation":{"__t":"Vector3","X":152.70162963867188,"Y":41.78034210205078,"Z":18.976396560668945},"Sandboxed":false,"SourceAssetId":-1,"WorldPosition":{"__t":"Vector3","X":32.51351547241211,"Y":503.6839904785156,"Z":-24.548351287841797},"Rotation":{"__t":"Vector3","X":-50.0018196105957,"Y":0,"Z":0},"className":"Attachment","Orientation":{"__t":"Vector3","X":-50.001827239990234,"Y":0,"Z":0},"WorldAxis":{"__t":"Vector3","X":0.7051776647567749,"Y":2.993125036709898e-08,"Z":0.7090306282043457},"RobloxLocked":false,"Position":{"__t":"Vector3","X":0,"Y":-0.20000000298023224,"Z":0.08990859985351562},"WorldSecondaryAxis":{"__t":"Vector3","X":-0.24248726665973663,"Y":-0.9397008419036865,"Z":0.24116958677768707},"Archivable":true},"Children":[],"Attributes":[]},{"Name":"RigidConstraint","ClassName":"RigidConstraint","Properties":{"Enabled":true,"Active":true,"Color":{"__t":"BrickColor","N":"Medium stone grey"},"SourceAssetId":-1,"Visible":false,"className":"RigidConstraint","RobloxLocked":false,"Sandboxed":false,"Archivable":true,"Attachment1":{"__t":"Ref","P":"/1:CustomAttachment"}},"Children":[],"Attributes":[]}],"Attributes":[]},"Type":"Gun","Rarity":"Godly","DisplayTreeVersion":2,"HasHandData":true,"MeshId":"rbxassetid://12322809632","MeshNaturalSize":[10.14872932434082,22.794635772705078,50],"TextureId":"rbxassetid://12322809917","DisplayScale":[0.043765290097342854,0.043765290097342854,0.043765290097342854],"AttachmentCFrame":[0,-0.20000000298023224,0.08990859985351562,1,0,0,0,0.6427633166313171,0.7660649418830872,0,-0.7660649418830872,0.6427633166313171],"Name":"Blossom","DisplayAttachmentName":"CustomAttachment","Kind":"MeshPart","PartSize":[0.44416168332099915,0.9976138472557068,2.1882615089416504],"ItemID":12339377105,"SnapshotVersion":6},"GingerLuger":{"Source":"harvester:ryansapsaa","Scale":[1.7999999523162842,1.7999999523162842,1.7999999523162842],"HandOffset":[0,0,0],"SpecialMesh":{"Offset":[0,0,0],"VertexColor":[1,1,1],"Scale":[1.7999999523162842,1.7999999523162842,1.7999999523162842],"MeshId":"http://www.roblox.com/asset/?id=95356090","TextureId":"rbxassetid://2674981863"},"VertexColor":[1,1,1],"DisplayAttachmentName":"CustomAttachment","DisplayScale":[1.7999999523162842,1.7999999523162842,1.7999999523162842],"DisplayTree":{"Name":"GunDisplay","ClassName":"Part","Properties":[],"Children":[{"Name":"Mesh","ClassName":"SpecialMesh","Properties":{"Offset":{"__t":"Vector3","X":0,"Y":0,"Z":0},"Scale":{"__t":"Vector3","X":1.7999999523162842,"Y":1.7999999523162842,"Z":1.7999999523162842},"MeshId":"http://www.roblox.com/asset/?id=95356090","TextureContent":{"__t":"Content","U":"rbxassetid://2674981863"},"TextureId":"rbxassetid://2674981863","SourceAssetId":-1,"VertexColor":{"__t":"Vector3","X":1,"Y":1,"Z":1},"MeshType":{"__t":"Enum","E":"MeshType","N":"FileMesh"},"className":"SpecialMesh","RobloxLocked":false,"Sandboxed":false,"MeshContent":{"__t":"Content","U":"http://www.roblox.com/asset/?id=95356090"},"Archivable":true},"Children":[],"Attributes":[]},{"Name":"CustomAttachment","ClassName":"Attachment","Properties":{"Visible":false,"WorldOrientation":{"__t":"Vector3","X":19.998666763305664,"Y":134.84390258789062,"Z":179.99998474121094},"CFrame":{"__t":"CFrame","C":[0.1500006914138794,0.03835076093673706,0.3332120478153229,1,0,0,0,0,1,0,-1,0]},"Axis":{"__t":"Vector3","X":1,"Y":0,"Z":0},"SecondaryAxis":{"__t":"Vector3","X":0,"Y":0,"Z":-1},"WorldCFrame":{"__t":"CFrame","C":[32.51351547241211,503.6776428222656,-24.548351287841797,0.7051776647567749,-0.24248722195625305,0.6662765145301819,4.592481772647261e-08,-0.9397006034851074,-0.34199827909469604,0.7090306282043457,0.24116957187652588,-0.6626558899879456]},"WorldRotation":{"__t":"Vector3","X":152.70162963867188,"Y":41.78033447265625,"Z":18.976394653320312},"Sandboxed":false,"SourceAssetId":-1,"WorldPosition":{"__t":"Vector3","X":32.51351547241211,"Y":503.6776428222656,"Z":-24.548351287841797},"Rotation":{"__t":"Vector3","X":-90,"Y":0,"Z":0},"className":"Attachment","Orientation":{"__t":"Vector3","X":-90,"Y":0,"Z":0},"WorldAxis":{"__t":"Vector3","X":0.7051776647567749,"Y":4.592481772647261e-08,"Z":0.7090306282043457},"RobloxLocked":false,"Position":{"__t":"Vector3","X":0.1500006914138794,"Y":0.03835076093673706,"Z":0.3332120478153229},"WorldSecondaryAxis":{"__t":"Vector3","X":-0.24248722195625305,"Y":-0.9397006034851074,"Z":0.24116957187652588},"Archivable":true},"Children":[],"Attributes":[]},{"Name":"RigidConstraint","ClassName":"RigidConstraint","Properties":{"Enabled":true,"Active":true,"Color":{"__t":"BrickColor","N":"Medium stone grey"},"SourceAssetId":-1,"Visible":false,"className":"RigidConstraint","RobloxLocked":false,"Sandboxed":false,"Archivable":true,"Attachment1":{"__t":"Ref","P":"/2:CustomAttachment"}},"Children":[],"Attributes":[]}],"Attributes":[]},"Type":"Gun","MeshId":"http://www.roblox.com/asset/?id=95356090","SnapshotVersion":6,"PartSize":[0.510000467300415,1.1800024509429932,1.3499970436096191],"DisplayKind":"SpecialMesh","RigidConstraint":{"Enabled":true,"Attachment1":"CustomAttachment","Name":"RigidConstraint","Attachment0":"GunBelt"},"DisplayAttachment":{"Name":"CustomAttachment","CFrame":[0.1500006914138794,0.03835076093673706,0.3332120478153229,1,0,0,0,0,1,0,-1,0]},"DataID":"GingerLuger","IsCustomMesh":true,"DisplayRootClass":"Part","Offset":[0,0,0],"Rarity":"Godly","HasHandData":true,"HandVertexColor":[1,1,1],"HandScale":[1.7999999523162842,1.7999999523162842,1.7999999523162842],"Tier":"godly","TextureId":"rbxassetid://2674981863","HandTexture":"rbxassetid://2674981863","AttachmentCFrame":[0.1500006914138794,0.03835076093673706,0.3332120478153229,1,0,0,0,0,1,0,-1,0],"Name":"Ginger Luger","HandMesh":"http://www.roblox.com/asset/?id=95356090","HandKind":"SpecialMesh","Kind":"SpecialMesh","DisplayTreeVersion":2,"ItemID":2674983099},"Luger":{"Source":"harvester:ryansapsaa","Scale":[1.7999999523162842,1.7999999523162842,1.7999999523162842],"HandOffset":[0,0,0],"SpecialMesh":{"Offset":[0,0,0],"VertexColor":[1,1,1],"Scale":[1.7999999523162842,1.7999999523162842,1.7999999523162842],"MeshId":"http://www.roblox.com/asset/?id=95356090","TextureId":"http://www.roblox.com/asset/?id=126534866"},"VertexColor":[1,1,1],"DisplayAttachmentName":"CustomAttachment","DisplayScale":[1.7999999523162842,1.7999999523162842,1.7999999523162842],"DisplayTree":{"Name":"GunDisplay","ClassName":"Part","Properties":[],"Children":[{"Name":"Mesh","ClassName":"SpecialMesh","Properties":{"Offset":{"__t":"Vector3","X":0,"Y":0,"Z":0},"Scale":{"__t":"Vector3","X":1.7999999523162842,"Y":1.7999999523162842,"Z":1.7999999523162842},"MeshId":"http://www.roblox.com/asset/?id=95356090","TextureContent":{"__t":"Content","U":"http://www.roblox.com/asset/?id=126534866"},"TextureId":"http://www.roblox.com/asset/?id=126534866","SourceAssetId":-1,"VertexColor":{"__t":"Vector3","X":1,"Y":1,"Z":1},"MeshType":{"__t":"Enum","E":"MeshType","N":"FileMesh"},"className":"SpecialMesh","RobloxLocked":false,"Sandboxed":false,"MeshContent":{"__t":"Content","U":"http://www.roblox.com/asset/?id=95356090"},"Archivable":true},"Children":[],"Attributes":[]},{"Name":"CustomAttachment","ClassName":"Attachment","Properties":{"Visible":false,"WorldOrientation":{"__t":"Vector3","X":19.9986629486084,"Y":134.84390258789062,"Z":-179.99998474121094},"CFrame":{"__t":"CFrame","C":[0.1500006914138794,0.03835076093673706,0.3332120478153229,1,0,0,0,0,1,0,-1,0]},"Axis":{"__t":"Vector3","X":1,"Y":0,"Z":0},"SecondaryAxis":{"__t":"Vector3","X":0,"Y":0,"Z":-1},"WorldCFrame":{"__t":"CFrame","C":[32.51351547241211,503.6839904785156,-24.548351287841797,0.7051776647567749,-0.24248725175857544,0.6662765145301819,-3.3814472999438294e-08,-0.9397006034851074,-0.34199821949005127,0.7090306282043457,0.2411694973707199,-0.6626558899879456]},"WorldRotation":{"__t":"Vector3","X":152.70162963867188,"Y":41.78033447265625,"Z":18.976396560668945},"Sandboxed":false,"SourceAssetId":-1,"WorldPosition":{"__t":"Vector3","X":32.51351547241211,"Y":503.6839904785156,"Z":-24.548351287841797},"Rotation":{"__t":"Vector3","X":-90,"Y":0,"Z":0},"className":"Attachment","Orientation":{"__t":"Vector3","X":-90,"Y":0,"Z":0},"WorldAxis":{"__t":"Vector3","X":0.7051776647567749,"Y":-3.3814472999438294e-08,"Z":0.7090306282043457},"RobloxLocked":false,"Position":{"__t":"Vector3","X":0.1500006914138794,"Y":0.03835076093673706,"Z":0.3332120478153229},"WorldSecondaryAxis":{"__t":"Vector3","X":-0.24248725175857544,"Y":-0.9397006034851074,"Z":0.2411694973707199},"Archivable":true},"Children":[],"Attributes":[]},{"Name":"RigidConstraint","ClassName":"RigidConstraint","Properties":{"Enabled":true,"Active":true,"Color":{"__t":"BrickColor","N":"Medium stone grey"},"SourceAssetId":-1,"Visible":false,"className":"RigidConstraint","RobloxLocked":false,"Sandboxed":false,"Archivable":true,"Attachment1":{"__t":"Ref","P":"/2:CustomAttachment"}},"Children":[],"Attributes":[]}],"Attributes":[]},"Type":"Gun","MeshId":"http://www.roblox.com/asset/?id=95356090","SnapshotVersion":6,"PartSize":[0.510000467300415,1.1800024509429932,1.3499970436096191],"DisplayKind":"SpecialMesh","RigidConstraint":{"Enabled":true,"Attachment1":"CustomAttachment","Name":"RigidConstraint","Attachment0":"GunBelt"},"DisplayAttachment":{"Name":"CustomAttachment","CFrame":[0.1500006914138794,0.03835076093673706,0.3332120478153229,1,0,0,0,0,1,0,-1,0]},"DataID":"Luger","IsCustomMesh":true,"DisplayRootClass":"Part","Offset":[0,0,0],"Rarity":"Godly","HasHandData":true,"HandVertexColor":[1,1,1],"HandScale":[1.7999999523162842,1.7999999523162842,1.7999999523162842],"Tier":"godly","TextureId":"http://www.roblox.com/asset/?id=126534866","HandTexture":"http://www.roblox.com/asset/?id=126534866","AttachmentCFrame":[0.1500006914138794,0.03835076093673706,0.3332120478153229,1,0,0,0,0,1,0,-1,0],"Name":"Luger","HandMesh":"http://www.roblox.com/asset/?id=95356090","HandKind":"SpecialMesh","Kind":"SpecialMesh","DisplayTreeVersion":2,"ItemID":198042673},"TravelerAxe":{"DisplayKind":"MeshPart","RigidConstraint":{"Enabled":true,"Attachment1":"Attachment","Name":"RigidConstraint","Attachment0":"KnifeBelt"},"Source":"harvester:ryansapsaa","IsCustomMesh":true,"Scale":[0.6044147610664368,3.4059998989105225,2.1873629093170166],"DisplayMeshPartSize":[0.6044147610664368,3.4059998989105225,2.1873629093170166],"DisplayAttachment":{"Name":"Attachment","CFrame":[0,0,0,1,0,0,0,1,0,0,0,1]},"HandScale":[0.6044147610664368,3.4059998989105225,2.1873629093170166],"DataID":"TravelerAxe","Tier":"ancient","HandTexture":"rbxassetid://15057460725","DisplayRootClass":"MeshPart","HandMesh":"rbxassetid://15057341638","HandKind":"MeshPart","DisplayTree":{"Name":"KnifeDisplay","ClassName":"MeshPart","Properties":[],"Children":[{"Name":"RigidConstraint","ClassName":"RigidConstraint","Properties":{"Enabled":true,"Active":true,"Color":{"__t":"BrickColor","N":"Medium stone grey"},"SourceAssetId":-1,"Visible":false,"className":"RigidConstraint","RobloxLocked":false,"Sandboxed":false,"Archivable":true,"Attachment1":{"__t":"Ref","P":"/2:Attachment"}},"Children":[],"Attributes":[]},{"Name":"Attachment","ClassName":"Attachment","Properties":{"Visible":false,"WorldOrientation":{"__t":"Vector3","X":-59.38327407836914,"Y":-41.38899612426758,"Z":178.46661376953125},"CFrame":{"__t":"CFrame","C":[0,0,0,1,0,0,0,1,0,0,0,1]},"Axis":{"__t":"Vector3","X":1,"Y":0,"Z":0},"SecondaryAxis":{"__t":"Vector3","X":0,"Y":1,"Z":0},"WorldCFrame":{"__t":"CFrame","C":[30.753843307495117,503.37225341796875,-25.964536666870117,-0.7347432971000671,-0.5888689756393433,-0.3367278277873993,0.013628406450152397,-0.509110152721405,0.8605934977531433,-0.6782083511352539,0.6277261972427368,0.38209062814712524]},"WorldRotation":{"__t":"Vector3","X":-66.05948638916016,"Y":-19.677640914916992,"Z":141.2891387939453},"Sandboxed":false,"SourceAssetId":-1,"WorldPosition":{"__t":"Vector3","X":30.753843307495117,"Y":503.37225341796875,"Z":-25.964536666870117},"Rotation":{"__t":"Vector3","X":0,"Y":0,"Z":0},"className":"Attachment","Orientation":{"__t":"Vector3","X":0,"Y":0,"Z":0},"WorldAxis":{"__t":"Vector3","X":-0.7347432971000671,"Y":0.013628406450152397,"Z":-0.6782083511352539},"RobloxLocked":false,"Position":{"__t":"Vector3","X":0,"Y":0,"Z":0},"WorldSecondaryAxis":{"__t":"Vector3","X":-0.5888689756393433,"Y":-0.509110152721405,"Z":0.6277261972427368},"Archivable":true},"Children":[],"Attributes":[]}],"Attributes":[]},"Type":"Knife","Rarity":"Ancient","DisplayTreeVersion":2,"HasHandData":true,"MeshId":"rbxassetid://15057341638","MeshNaturalSize":[8.871545791625977,49.99999237060547,32.10566329956055],"TextureId":"rbxassetid://15057460725","DisplayScale":[0.06812000837249883,0.06812000837249883,0.06812000837249883],"AttachmentCFrame":[0,0,0,1,0,0,0,1,0,0,0,1],"Name":"Traveler's Axe","DisplayAttachmentName":"Attachment","Kind":"MeshPart","PartSize":[0.6044147610664368,3.4059998989105225,2.1873629093170166],"ItemID":15070870271,"SnapshotVersion":6},"Frostbite":{"DisplayKind":"MeshPart","RigidConstraint":{"Enabled":true,"Attachment1":"Attachment","Name":"RigidConstraint","Attachment0":"KnifeBelt"},"Source":"harvester:ryansapsaa","IsCustomMesh":true,"Scale":[0.2219136655330658,3.009693145751953,0.7950073480606079],"DisplayMeshPartSize":[0.2219136655330658,3.009693145751953,0.7950073480606079],"DisplayAttachment":{"Name":"Attachment","CFrame":[0,0,0,1,0,0,0,1,0,0,0,1]},"HandScale":[0.2219136655330658,3.009693145751953,0.7950073480606079],"DataID":"Frostbite","Tier":"godly","HandTexture":"rbxassetid://4528435630","DisplayRootClass":"MeshPart","HandMesh":"rbxassetid://4528435571","HandKind":"MeshPart","DisplayTree":{"Name":"KnifeDisplay","ClassName":"MeshPart","Properties":[],"Children":[{"Name":"RigidConstraint","ClassName":"RigidConstraint","Properties":{"Enabled":true,"Active":true,"Color":{"__t":"BrickColor","N":"Medium stone grey"},"SourceAssetId":-1,"Visible":false,"className":"RigidConstraint","RobloxLocked":false,"Sandboxed":false,"Archivable":true,"Attachment1":{"__t":"Ref","P":"/2:Attachment"}},"Children":[],"Attributes":[]},{"Name":"Attachment","ClassName":"Attachment","Properties":{"Visible":false,"WorldOrientation":{"__t":"Vector3","X":-59.38327407836914,"Y":-41.38898468017578,"Z":178.46658325195312},"CFrame":{"__t":"CFrame","C":[0,0,0,1,0,0,0,1,0,0,0,1]},"Axis":{"__t":"Vector3","X":1,"Y":0,"Z":0},"SecondaryAxis":{"__t":"Vector3","X":0,"Y":1,"Z":0},"WorldCFrame":{"__t":"CFrame","C":[30.753843307495117,503.37689208984375,-25.964536666870117,-0.7347432971000671,-0.5888689756393433,-0.3367277979850769,0.013628582470119,-0.5091102719306946,0.8605934977531433,-0.6782083511352539,0.627726137638092,0.3820907771587372]},"WorldRotation":{"__t":"Vector3","X":-66.05948638916016,"Y":-19.67763900756836,"Z":141.2891387939453},"Sandboxed":false,"SourceAssetId":-1,"WorldPosition":{"__t":"Vector3","X":30.753843307495117,"Y":503.37689208984375,"Z":-25.964536666870117},"Rotation":{"__t":"Vector3","X":0,"Y":0,"Z":0},"className":"Attachment","Orientation":{"__t":"Vector3","X":0,"Y":0,"Z":0},"WorldAxis":{"__t":"Vector3","X":-0.7347432971000671,"Y":0.013628582470119,"Z":-0.6782083511352539},"RobloxLocked":false,"Position":{"__t":"Vector3","X":0,"Y":0,"Z":0},"WorldSecondaryAxis":{"__t":"Vector3","X":-0.5888689756393433,"Y":-0.5091102719306946,"Z":0.627726137638092},"Archivable":true},"Children":[],"Attributes":[]}],"Attributes":[]},"Type":"Knife","Rarity":"Godly","DisplayTreeVersion":2,"HasHandData":true,"MeshId":"rbxassetid://4528435571","MeshNaturalSize":[0.194000244140625,2.6311187744140625,0.69500732421875],"TextureId":"rbxassetid://4528435630","DisplayScale":[1.1438834213868576,1.1438834213868576,1.1438834213868576],"AttachmentCFrame":[0,0,0,1,0,0,0,1,0,0,0,1],"Name":"Frostbite","DisplayAttachmentName":"Attachment","Kind":"MeshPart","PartSize":[0.2219136655330658,3.009693145751953,0.7950073480606079],"ItemID":4528484880,"SnapshotVersion":6},"Spectre2022":{"DisplayKind":"MeshPart","RigidConstraint":{"Enabled":true,"Attachment1":"Attachment","Name":"RigidConstraint","Attachment0":"GunBelt"},"Source":"harvester:ryansapsaa","IsCustomMesh":true,"Scale":[0.3325660824775696,0.9761435985565186,2.59814453125],"DisplayMeshPartSize":[0.3325660824775696,0.9761435985565186,2.59814453125],"DisplayAttachment":{"Name":"Attachment","CFrame":[0,0,0,1,0,0,0,1,0,0,0,1]},"HandScale":[0.3325660824775696,0.9761435985565186,2.59814453125],"DataID":"Spectre2022","Tier":"godly","HandTexture":"rbxassetid://11165715120","DisplayRootClass":"MeshPart","HandMesh":"rbxassetid://11165536294","HandKind":"MeshPart","DisplayTree":{"Name":"GunDisplay","ClassName":"MeshPart","Properties":[],"Children":[{"Name":"RigidConstraint","ClassName":"RigidConstraint","Properties":{"Enabled":true,"Active":true,"Color":{"__t":"BrickColor","N":"Medium stone grey"},"SourceAssetId":-1,"Visible":false,"className":"RigidConstraint","RobloxLocked":false,"Sandboxed":false,"Archivable":true,"Attachment1":{"__t":"Ref","P":"/2:Attachment"}},"Children":[],"Attributes":[]},{"Name":"Attachment","ClassName":"Attachment","Properties":{"Visible":false,"WorldOrientation":{"__t":"Vector3","X":19.9986629486084,"Y":134.84390258789062,"Z":-179.99998474121094},"CFrame":{"__t":"CFrame","C":[0,0,0,1,0,0,0,1,0,0,0,1]},"Axis":{"__t":"Vector3","X":1,"Y":0,"Z":0},"SecondaryAxis":{"__t":"Vector3","X":0,"Y":1,"Z":0},"WorldCFrame":{"__t":"CFrame","C":[32.51351547241211,503.679443359375,-24.548351287841797,0.7051776647567749,-0.24248726665973663,0.6662765145301819,-7.973429916319219e-08,-0.9397006034851074,-0.34199821949005127,0.7090306282043457,0.24116945266723633,-0.6626558899879456]},"WorldRotation":{"__t":"Vector3","X":152.70162963867188,"Y":41.78033447265625,"Z":18.976396560668945},"Sandboxed":false,"SourceAssetId":-1,"WorldPosition":{"__t":"Vector3","X":32.51351547241211,"Y":503.679443359375,"Z":-24.548351287841797},"Rotation":{"__t":"Vector3","X":0,"Y":0,"Z":0},"className":"Attachment","Orientation":{"__t":"Vector3","X":0,"Y":0,"Z":0},"WorldAxis":{"__t":"Vector3","X":0.7051776647567749,"Y":-7.973429916319219e-08,"Z":0.7090306282043457},"RobloxLocked":false,"Position":{"__t":"Vector3","X":0,"Y":0,"Z":0},"WorldSecondaryAxis":{"__t":"Vector3","X":-0.24248726665973663,"Y":-0.9397006034851074,"Z":0.24116945266723633},"Archivable":true},"Children":[],"Attributes":[]}],"Attributes":[]},"Type":"Gun","Rarity":"Godly","DisplayTreeVersion":2,"HasHandData":true,"MeshId":"rbxassetid://11165536294","MeshNaturalSize":[6.399848937988281,18.784748077392578,50],"TextureId":"rbxassetid://11165715120","DisplayScale":[0.05196468936047677,0.05196468936047677,0.05196468936047677],"AttachmentCFrame":[0,0,0,1,0,0,0,1,0,0,0,1],"Name":"Spectre","DisplayAttachmentName":"Attachment","Kind":"MeshPart","PartSize":[0.3325660824775696,0.9761435985565186,2.59814453125],"ItemID":11229779932,"SnapshotVersion":6},"SeerChroma":{"Source":"harvester:ryansapsaa","Scale":[0.699999988079071,0.9100000262260437,1],"HandOffset":[0,0,0],"SpecialMesh":{"Offset":[0,0,0],"VertexColor":[1,1,1],"Scale":[0.699999988079071,0.9100000262260437,1],"MeshId":"http://www.roblox.com/asset?id=156092238","TextureId":"rbxassetid://3184059718"},"ChromaStaticLayer":"rbxassetid://18364485783","VertexColor":[1,1,1],"DisplayAttachmentName":"Attachment","DisplayScale":[0.699999988079071,0.9100000262260437,1],"DisplayTree":{"Name":"KnifeDisplay","ClassName":"Part","Properties":[],"Children":[{"Name":"Mesh","ClassName":"SpecialMesh","Properties":{"Offset":{"__t":"Vector3","X":0,"Y":0,"Z":0},"Scale":{"__t":"Vector3","X":0.699999988079071,"Y":0.9100000262260437,"Z":1},"MeshId":"http://www.roblox.com/asset?id=156092238","TextureContent":{"__t":"Content","U":"rbxassetid://3184059718"},"TextureId":"rbxassetid://3184059718","SourceAssetId":-1,"VertexColor":{"__t":"Vector3","X":1,"Y":1,"Z":1},"MeshType":{"__t":"Enum","E":"MeshType","N":"FileMesh"},"className":"SpecialMesh","RobloxLocked":false,"Sandboxed":false,"MeshContent":{"__t":"Content","U":"http://www.roblox.com/asset?id=156092238"},"Archivable":true},"Children":[],"Attributes":[]},{"Name":"Chroma","ClassName":"Decal","Properties":{"TexturePack":"","RoughnessMapContent":{"__t":"Content"},"NormalMapContent":{"__t":"Content"},"Face":{"__t":"Enum","E":"NormalId","N":"Left"},"TextureContent":{"__t":"Content","U":"rbxassetid://3184061374"},"MetalnessMapContent":{"__t":"Content"},"ColorMap":"rbxassetid://3184061374","ZIndex":1,"Specular":0,"Texture":"rbxassetid://3184061374","ColorMapContent":{"__t":"Content","U":"rbxassetid://3184061374"},"NormalMap":"","LocalTransparencyModifier":0,"RoughnessMap":"","Shiny":20,"Sandboxed":false,"UVOffset":{"__t":"Vector2","X":0,"Y":0},"UVScale":{"__t":"Vector2","X":1,"Y":1},"Rotation":0,"Transparency":0,"Color3":{"__t":"Color3","B":1,"G":0,"R":0.7299555540084839},"className":"Decal","RobloxLocked":false,"SourceAssetId":-1,"Archivable":true,"MetalnessMap":""},"Children":[{"Name":"ChromaScript","ClassName":"Script","Properties":{"Enabled":false,"Source":"","RunContext":{"__t":"Enum","E":"RunContext","N":"Client"},"Sandboxed":false,"SourceAssetId":-1,"LinkedSource":"","className":"Script","RobloxLocked":false,"Archivable":true,"Disabled":true},"Children":[],"Attributes":[]}],"Attributes":{"StaticLayer":"rbxassetid://18364485783"}},{"Name":"RigidConstraint","ClassName":"RigidConstraint","Properties":{"Enabled":true,"Active":true,"Color":{"__t":"BrickColor","N":"Medium stone grey"},"SourceAssetId":-1,"Visible":false,"className":"RigidConstraint","RobloxLocked":false,"Sandboxed":false,"Archivable":true,"Attachment1":{"__t":"Ref","P":"/4:Attachment"}},"Children":[],"Attributes":[]},{"Name":"Attachment","ClassName":"Attachment","Properties":{"Visible":false,"WorldOrientation":{"__t":"Vector3","X":-59.38327407836914,"Y":-41.38899230957031,"Z":178.4665985107422},"CFrame":{"__t":"CFrame","C":[0,0,0,1,0,0,0,1,0,0,0,1]},"Axis":{"__t":"Vector3","X":1,"Y":0,"Z":0},"SecondaryAxis":{"__t":"Vector3","X":0,"Y":1,"Z":0},"WorldCFrame":{"__t":"CFrame","C":[30.753843307495117,503.362060546875,-25.964536666870117,-0.7347432971000671,-0.5888689756393433,-0.3367277979850769,0.013628510758280754,-0.5091102123260498,0.8605934977531433,-0.6782083511352539,0.627726137638092,0.3820907175540924]},"WorldRotation":{"__t":"Vector3","X":-66.05948638916016,"Y":-19.67763900756836,"Z":141.2891387939453},"Sandboxed":false,"SourceAssetId":-1,"WorldPosition":{"__t":"Vector3","X":30.753843307495117,"Y":503.362060546875,"Z":-25.964536666870117},"Rotation":{"__t":"Vector3","X":0,"Y":0,"Z":0},"className":"Attachment","Orientation":{"__t":"Vector3","X":0,"Y":0,"Z":0},"WorldAxis":{"__t":"Vector3","X":-0.7347432971000671,"Y":0.013628510758280754,"Z":-0.6782083511352539},"RobloxLocked":false,"Position":{"__t":"Vector3","X":0,"Y":0,"Z":0},"WorldSecondaryAxis":{"__t":"Vector3","X":-0.5888689756393433,"Y":-0.5091102123260498,"Z":0.627726137638092},"Archivable":true},"Children":[],"Attributes":[]}],"Attributes":[]},"Type":"Knife","MeshId":"http://www.roblox.com/asset?id=156092238","Chroma":true,"SnapshotVersion":6,"PartSize":[0.5,3.0999999046325684,1],"DisplayKind":"SpecialMesh","RigidConstraint":{"Enabled":true,"Attachment1":"Attachment","Name":"RigidConstraint","Attachment0":"KnifeBelt"},"DisplayAttachment":{"Name":"Attachment","CFrame":[0,0,0,1,0,0,0,1,0,0,0,1]},"DataID":"SeerChroma","IsCustomMesh":true,"DisplayRootClass":"Part","Offset":[0,0,0],"HandVertexColor":[1,1,1],"Rarity":"Godly","DisplayTreeVersion":2,"HandScale":[0.699999988079071,0.9100000262260437,1],"HandTexture":"rbxassetid://3184059718","HandMesh":"http://www.roblox.com/asset?id=156092238","TextureId":"rbxassetid://3184059718","HandKind":"SpecialMesh","AttachmentCFrame":[0,0,0,1,0,0,0,1,0,0,0,1],"Name":"Seer","Tier":"godly","HasHandData":true,"Kind":"SpecialMesh","ChromaMask":"rbxassetid://3184061374","ItemID":3184125538},"TidesChroma":{"Source":"harvester:ryansapsaa","Scale":[0.699999988079071,0.8999999761581421,0.699999988079071],"HandOffset":[0,0,0],"SpecialMesh":{"Offset":[0,0,0],"VertexColor":[1,1,1],"Scale":[0.699999988079071,0.8999999761581421,0.699999988079071],"MeshId":"http://www.roblox.com/asset/?id=238314382","TextureId":"rbxassetid://3171168641"},"ChromaStaticLayer":"rbxassetid://18364484941","VertexColor":[1,1,1],"DisplayAttachmentName":"CustomAttachment","DisplayScale":[0.699999988079071,0.8999999761581421,0.699999988079071],"DisplayTree":{"Name":"KnifeDisplay","ClassName":"Part","Properties":[],"Children":[{"Name":"Slash","ClassName":"Sound","Properties":{"IsPaused":true,"EmitterSize":10,"RollOffMode":{"__t":"Enum","E":"RollOffMode","N":"Inverse"},"PlaybackRegion":{"__t":"NumberRange","Max":60000,"Min":0},"TimePosition":0,"Volume":1,"Playing":false,"Sandboxed":false,"IsLoaded":true,"TimeLength":0.4049886621315193,"MaxDistance":10000,"PlaybackLoudness":0,"IsPlaying":false,"PlaybackRegionsEnabled":false,"IsSpatial":true,"RollOffGain":0.7144771814346313,"SourceAssetId":-1,"ChannelCount":0,"PlaybackSpeed":1,"AssetRepresentation":{"__t":"Enum","E":"AssetRepresentation","N":"FullLength"},"Archivable":true,"RollOffMinDistance":10,"UsageContextPermission":{"__t":"Enum","E":"UsageContext","N":"Default"},"Looped":false,"LoopRegion":{"__t":"NumberRange","Max":60000,"Min":0},"AudioContent":{"__t":"Content","U":"http://www.roblox.com/asset/?id=96667910"},"MinDistance":10,"AcousticSimulationEnabled":true,"RollOffMaxDistance":10000,"className":"Sound","RobloxLocked":false,"SoundId":"http://www.roblox.com/asset/?id=96667910","Pitch":1,"PlayOnRemove":false},"Children":[],"Attributes":[]},{"Name":"Unsheath","ClassName":"Sound","Properties":{"IsPaused":true,"EmitterSize":10,"RollOffMode":{"__t":"Enum","E":"RollOffMode","N":"Inverse"},"PlaybackRegion":{"__t":"NumberRange","Max":60000,"Min":0},"TimePosition":0,"Volume":0.5,"Playing":false,"Sandboxed":false,"IsLoaded":true,"TimeLength":0.6530612244897959,"MaxDistance":10000,"PlaybackLoudness":0,"IsPlaying":false,"PlaybackRegionsEnabled":false,"IsSpatial":true,"RollOffGain":0.7144771814346313,"SourceAssetId":-1,"ChannelCount":0,"PlaybackSpeed":1,"AssetRepresentation":{"__t":"Enum","E":"AssetRepresentation","N":"FullLength"},"Archivable":true,"RollOffMinDistance":10,"UsageContextPermission":{"__t":"Enum","E":"UsageContext","N":"Default"},"Looped":false,"LoopRegion":{"__t":"NumberRange","Max":60000,"Min":0},"AudioContent":{"__t":"Content","U":"http://www.roblox.com/asset/?id=12222225"},"MinDistance":10,"AcousticSimulationEnabled":true,"RollOffMaxDistance":10000,"className":"Sound","RobloxLocked":false,"SoundId":"http://www.roblox.com/asset/?id=12222225","Pitch":1,"PlayOnRemove":false},"Children":[],"Attributes":[]},{"Name":"Mesh","ClassName":"SpecialMesh","Properties":{"Offset":{"__t":"Vector3","X":0,"Y":0,"Z":0},"Scale":{"__t":"Vector3","X":0.699999988079071,"Y":0.8999999761581421,"Z":0.699999988079071},"MeshId":"http://www.roblox.com/asset/?id=238314382","TextureContent":{"__t":"Content","U":"rbxassetid://3171168641"},"TextureId":"rbxassetid://3171168641","SourceAssetId":-1,"VertexColor":{"__t":"Vector3","X":1,"Y":1,"Z":1},"MeshType":{"__t":"Enum","E":"MeshType","N":"FileMesh"},"className":"SpecialMesh","RobloxLocked":false,"Sandboxed":false,"MeshContent":{"__t":"Content","U":"http://www.roblox.com/asset/?id=238314382"},"Archivable":true},"Children":[],"Attributes":[]},{"Name":"Chroma","ClassName":"Decal","Properties":{"TexturePack":"","RoughnessMapContent":{"__t":"Content"},"NormalMapContent":{"__t":"Content"},"Face":{"__t":"Enum","E":"NormalId","N":"Back"},"TextureContent":{"__t":"Content","U":"rbxassetid://3171161741"},"MetalnessMapContent":{"__t":"Content"},"ColorMap":"rbxassetid://3171161741","ZIndex":1,"Specular":0,"Texture":"rbxassetid://3171161741","ColorMapContent":{"__t":"Content","U":"rbxassetid://3171161741"},"NormalMap":"","LocalTransparencyModifier":0,"RoughnessMap":"","Shiny":20,"Sandboxed":false,"UVOffset":{"__t":"Vector2","X":0,"Y":0},"UVScale":{"__t":"Vector2","X":1,"Y":1},"Rotation":0,"Transparency":0,"Color3":{"__t":"Color3","B":1,"G":0.0010907676769420505,"R":0.7043346762657166},"className":"Decal","RobloxLocked":false,"SourceAssetId":-1,"Archivable":true,"MetalnessMap":""},"Children":[{"Name":"ChromaScript","ClassName":"Script","Properties":{"Enabled":false,"Source":"","RunContext":{"__t":"Enum","E":"RunContext","N":"Client"},"Sandboxed":false,"SourceAssetId":-1,"LinkedSource":"","className":"Script","RobloxLocked":false,"Archivable":true,"Disabled":true},"Children":[],"Attributes":[]}],"Attributes":{"StaticLayer":"rbxassetid://18364484941"}},{"Name":"CustomAttachment","ClassName":"Attachment","Properties":{"Visible":false,"WorldOrientation":{"__t":"Vector3","X":-59.38330078125,"Y":-41.38898849487305,"Z":178.4665985107422},"CFrame":{"__t":"CFrame","C":[-0.0034008026123046875,0.12726974487304688,-0.21515369415283203,0.9979902505874634,-0.06326722353696823,-0.0035694933030754328,0.00362948514521122,0.0008333325386047363,0.9999932050704956,-0.06326380372047424,-0.9979963898658752,0.0010612851474434137]},"Axis":{"__t":"Vector3","X":0.9979902505874634,"Y":0.00362948514521122,"Z":-0.06326380372047424},"SecondaryAxis":{"__t":"Vector3","X":-0.06326722353696823,"Y":0.0008333325386047363,"Z":-0.9979963898658752},"WorldCFrame":{"__t":"CFrame","C":[30.753843307495117,503.37738037109375,-25.96453857421875,-0.7347432971000671,-0.5888690948486328,-0.3367278575897217,0.013628557324409485,-0.5091103315353394,0.8605937957763672,-0.6782084107398987,0.6277262568473816,0.38209080696105957]},"WorldRotation":{"__t":"Vector3","X":-66.05948638916016,"Y":-19.677644729614258,"Z":141.2891387939453},"Sandboxed":false,"SourceAssetId":-1,"WorldPosition":{"__t":"Vector3","X":30.753843307495117,"Y":503.37738037109375,"Z":-25.96453857421875},"Rotation":{"__t":"Vector3","X":-89.93919372558594,"Y":-0.20451733469963074,"Z":3.6273903846740723},"className":"Attachment","Orientation":{"__t":"Vector3","X":-89.78878021240234,"Y":-73.44168090820312,"Z":77.06896209716797},"WorldAxis":{"__t":"Vector3","X":-0.7347432971000671,"Y":0.013628557324409485,"Z":-0.6782084107398987},"RobloxLocked":false,"Position":{"__t":"Vector3","X":-0.0034008026123046875,"Y":0.12726974487304688,"Z":-0.21515369415283203},"WorldSecondaryAxis":{"__t":"Vector3","X":-0.5888690948486328,"Y":-0.5091103315353394,"Z":0.6277262568473816},"Archivable":true},"Children":[],"Attributes":[]},{"Name":"RigidConstraint","ClassName":"RigidConstraint","Properties":{"Enabled":true,"Active":true,"Color":{"__t":"BrickColor","N":"Medium stone grey"},"SourceAssetId":-1,"Visible":false,"className":"RigidConstraint","RobloxLocked":false,"Sandboxed":false,"Archivable":true,"Attachment1":{"__t":"Ref","P":"/5:CustomAttachment"}},"Children":[],"Attributes":[]}],"Attributes":[]},"Type":"Knife","MeshId":"http://www.roblox.com/asset/?id=238314382","Chroma":true,"SnapshotVersion":6,"PartSize":[0.44999998807907104,0.699999988079071,3.049999952316284],"DisplayKind":"SpecialMesh","RigidConstraint":{"Enabled":true,"Attachment1":"CustomAttachment","Name":"RigidConstraint","Attachment0":"KnifeBelt"},"DisplayAttachment":{"Name":"CustomAttachment","CFrame":[-0.0034008026123046875,0.12726974487304688,-0.21515369415283203,0.9979902505874634,-0.06326722353696823,-0.0035694933030754328,0.00362948514521122,0.0008333325386047363,0.9999932050704956,-0.06326380372047424,-0.9979963898658752,0.0010612851474434137]},"DataID":"TidesChroma","IsCustomMesh":true,"DisplayRootClass":"Part","Offset":[0,0,0],"HandVertexColor":[1,1,1],"Rarity":"Godly","DisplayTreeVersion":2,"HandScale":[0.699999988079071,0.8999999761581421,0.699999988079071],"HandTexture":"rbxassetid://3171168641","HandMesh":"http://www.roblox.com/asset/?id=238314382","TextureId":"rbxassetid://3171168641","HandKind":"SpecialMesh","AttachmentCFrame":[-0.0034008026123046875,0.12726974487304688,-0.21515369415283203,0.9979902505874634,-0.06326722353696823,-0.0035694933030754328,0.00362948514521122,0.0008333325386047363,0.9999932050704956,-0.06326380372047424,-0.9979963898658752,0.0010612851474434137],"Name":"Tides","Tier":"godly","HasHandData":true,"Kind":"SpecialMesh","ChromaMask":"rbxassetid://3171161741","ItemID":3187394934},"TravelerGunChroma":{"Source":"harvester:ryansapsaa","Scale":[0.04989999905228615,0.04989999905228615,0.04989999905228615],"HandOffset":[0,0,0],"SpecialMesh":{"Offset":[0,0,0],"VertexColor":[1,1,1],"Scale":[0.04989999905228615,0.04989999905228615,0.04989999905228615],"MeshId":"rbxassetid://15090814396","TextureId":"rbxassetid://15090814672"},"ChromaStaticLayer":"rbxassetid://18364726415","VertexColor":[1,1,1],"DisplayAttachmentName":"Attachment","DisplayScale":[0.04989999905228615,0.04989999905228615,0.04989999905228615],"DisplayTree":{"Name":"GunDisplay","ClassName":"Part","Properties":[],"Children":[{"Name":"Mesh","ClassName":"SpecialMesh","Properties":{"Offset":{"__t":"Vector3","X":0,"Y":0,"Z":0},"Scale":{"__t":"Vector3","X":0.04989999905228615,"Y":0.04989999905228615,"Z":0.04989999905228615},"MeshId":"rbxassetid://15090814396","TextureContent":{"__t":"Content","U":"rbxassetid://15090814672"},"TextureId":"rbxassetid://15090814672","SourceAssetId":-1,"VertexColor":{"__t":"Vector3","X":1,"Y":1,"Z":1},"MeshType":{"__t":"Enum","E":"MeshType","N":"FileMesh"},"className":"SpecialMesh",